1300 1000
color ice 0 127 240
terrain ice 0 90 180 820 820 1000 1000
terrain ice 90 90 130 820 870 1000 1000
terrain ice 180 160 130 870 870 1000 1000
terrain ice 340 50 130 870 840 1000 1000
terrain ice 390 80 160 840 840 1000 1000
terrain ice 470 70 130 840 870 1000 1000
terrain ice 540 230 130 870 870 1000 1000
terrain ice 770 70 100 870 900 1000 1000
terrain ice 840 220 100 900 900 1000 1000
terrain ice 1060 80 100 900 870 1000 1000
terrain ice 1140 60 130 870 780 1000 1000
terrain ice 1200 100 790 210 210 1000 1000
terrain ice 1160 40 380 280 210 660 720
actor stand 230 855 120 60
actor stand 420 825 80 20
actor stand 680 855 120 60
actor fly 210 600 160 180
actor fly 330 550 160 180
actor fly 510 570 140 160
actor wall 1155 375
actor wall 1155 470
actor wall 1155 565
color blue 0 0 240
hazard rect blue 770 880 370 30
start 1250 200
goal final 0 0 10 1000
color dark_blue 0 0 40
background dark_blue
