1800 2160
color brown 120 90 20
terrain brown 0.0 270.0 1932.0 228.0 228.0 2160.0 2160.0
terrain brown 270.0 135.0 96.0 1836.0 2064.0 2160.0 2160.0
terrain brown 405.0 300.0 60.0 2064.0 2100.0 2160.0 2160.0
terrain brown 705.0 195.0 60.0 2100.0 2052.0 2160.0 2160.0
terrain brown 900.0 150.0 108.0 2052.0 1836.0 2160.0 2160.0
terrain brown 1050.0 180.0 324.0 1836.0 1800.0 2160.0 2160.0
terrain brown 1230.0 90.0 252.0 1836.0 1908.0 2160.0 2160.0
terrain brown 1320.0 270.0 252.0 1908.0 1908.0 2160.0 2160.0
terrain brown 1590.0 135.0 252.0 1908.0 1812.0 2160.0 2160.0
terrain brown 1725.0 75.0 348.0 1812.0 1812.0 2160.0 2160.0
terrain brown 1725.0 75.0 1308.0 252.0 204.0 1560.0 1560.0
terrain brown 1680.0 45.0 288.0 1236.0 1200.0 1524.0 1560.0
terrain brown 1575.0 105.0 156.0 1368.0 1308.0 1524.0 1524.0
terrain brown 1470.0 105.0 156.0 1368.0 1368.0 1548.0 1524.0
terrain brown 1350.0 120.0 144.0 1404.0 1368.0 1548.0 1548.0
terrain brown 1245.0 105.0 60.0 1440.0 1404.0 1500.0 1548.0
terrain brown 825.0 75.0 24.0 1734.0 1752.0 1794.0 1776.0
terrain brown 542.5 90.0 36.0 1632.0 1620.0 1668.0 1668.0
terrain brown 742.5 60.0 18.0 1464.0 1464.0 1482.0 1506.0
terrain brown 1020.0 75.0 18.0 1494.0 1494.0 1536.0 1512.0
terrain brown 270.0 90.0 516.0 924.0 948.0 1560.0 1464.0
terrain brown 360.0 105.0 168.0 948.0 1092.0 1296.0 1260.0
terrain brown 810.0 135.0 168.0 1104.0 1008.0 1272.0 1332.0
terrain brown 945.0 135.0 324.0 1008.0 1008.0 1332.0 1356.0
terrain brown 1080.0 135.0 264.0 1008.0 1092.0 1356.0 1356.0
terrain brown 1215.0 135.0 168.0 1092.0 1116.0 1356.0 1284.0
terrain brown 645.0 22.5 0.0 1056.0 1056.0 1056.0 1074.0
terrain brown 667.5 60.0 18.0 1056.0 1056.0 1074.0 1074.0
terrain brown 727.5 22.5 0.0 1056.0 1056.0 1074.0 1056.0
terrain brown 495.0 22.5 0.0 1032.0 1032.0 1032.0 1050.0
terrain brown 517.5 60.0 18.0 1032.0 1032.0 1050.0 1050.0
terrain brown 577.5 22.5 0.0 1032.0 1032.0 1050.0 1032.0
terrain brown 360.0 22.5 0.0 804.0 804.0 804.0 822.0
terrain brown 382.5 60.0 18.0 804.0 804.0 822.0 822.0
terrain brown 442.5 22.5 0.0 804.0 804.0 822.0 804.0
terrain brown 495.0 45.0 0.0 708.0 708.0 708.0 744.0
terrain brown 540.0 45.0 90.0 654.0 564.0 744.0 864.0
terrain brown 585.0 135.0 300.0 564.0 564.0 864.0 864.0
terrain brown 720.0 120.0 72.0 564.0 636.0 864.0 708.0
terrain brown 945.0 22.5 36.0 780.0 730.0 816.0 816.0
terrain brown 1072.5 22.5 60.0 792.0 759.0 852.0 852.0
terrain brown 1200.0 22.5 36.0 786.0 804.0 840.0 840.0
terrain brown 1327.5 22.5 96.0 738.0 705.0 834.0 834.0
terrain brown 1470.0 105.0 0.0 624.0 624.0 624.0 696.0
terrain brown 1575.0 150.0 72.0 624.0 588.0 696.0 864.0
terrain brown 1590.0 45.0 18.0 534.0 534.0 552.0 552.0
terrain brown 1462.5 45.0 18.0 432.0 432.0 450.0 450.0
terrain brown 1507.5 22.5 0.0 432.0 432.0 450.0 432.0
terrain brown 1290.0 22.5 0.0 336.0 336.0 336.0 354.0
terrain brown 1312.5 45.0 18.0 336.0 336.0 354.0 354.0
terrain brown 270.0 240.0 72.0 228.0 360.0 528.0 432.0
terrain brown 510.0 180.0 72.0 360.0 360.0 432.0 432.0
terrain brown 690.0 60.0 72.0 360.0 336.0 432.0 456.0
terrain brown 750.0 330.0 120.0 336.0 336.0 456.0 456.0
terrain brown 1080.0 105.0 36.0 336.0 372.0 456.0 408.0
terrain brown 1500.0 45.0 12.0 1188.0 1188.0 1200.0 1200.0

actor stand 772 1450 80 20
actor stand 1057 1480 80 20
actor stand 985 980 80 30
actor stand 220 200 120 30
actor stand 600 240 120 40
actor fly 1140 1600 150 120
actor fly 542 1500 150 120
actor fly 825 1300 150 120
actor fly 1080 504 140 140
actor fly 1210 570 140 140
actor fly 750 120 140 150
actor fly 660 160 140 150
actor fly 555 80 140 150
actor wall 1236 1818
actor wall 275 1596
actor wall 1720 1032
actor wall 275 648
actor wall 1720 364
actor wall 1720 476
actor wall 1190 390
color red 127 0 0
hazard rect red 270 1860 780 300
color blue 0 0 255
hazard spike blue 1215 1200 200 35 2.094
hazard spike blue 652.5 864 150 35 1.68
start 1762.5 1800
#start 0 0
#start 400 100
goal level4 0 0 10 240
decoration sky 0 0 1 1.0
color dark_brown 70 46 6
background dark_brown
