terrain brown 0 180 1610 190 190 1800 1800
terrain brown 180 90 80 1530 1720 1800 1800
terrain brown 270 200 50 1720 1750 1800 1800
terrain brown 470 130 50 1750 1710 1800 1800
terrain brown 600 100 90 1710 1530 1800 1800
terrain brown 700 120 270 1530 1500 1800 1800
terrain brown 820 60 210 1530 1590 1800 1800
terrain brown 880 180 210 1590 1590 1800 1800
terrain brown 1060 90 210 1590 1510 1800 1800
terrain brown 1150 50 290 1510 1510 1800 1800
terrain brown 1150 50 1090 210 170 1300 1300
terrain brown 1120 30 240 1030 1000 1270 1300
terrain brown 1050 70 130 1140 1090 1270 1270
terrain brown 980 70 130 1140 1140 1290 1270
terrain brown 900 80 120 1170 1140 1290 1290
terrain brown 830 70 50 1200 1170 1250 1290

terrain brown 550 50 20 1445 1460 1495 1480
terrain brown 295 60 30 1360 1350 1390 1390
terrain brown 495 40 15 1220 1220 1235 1255
terrain brown 680 50 15 1245 1245 1280 1260

terrain brown 180 60 430 770 790 1300 1220
terrain brown 240 70 140 790 910 1080 1050

terrain brown 540 90 140 920 840 1060 1110
terrain brown 630 90 270 840 840 1110 1130
terrain brown 720 90 220 840 910 1130 1130
terrain brown 810 90 140 910 930 1130 1070

terrain brown 430 15 0 880 880 880 895
terrain brown 445 40 15 880 880 895 895
terrain brown 485 15 0 880 880 895 880

terrain brown 330 15 0 860 860 860 875
terrain brown 345 40 15 860 860 875 875
terrain brown 385 15 0 860 860 875 860

terrain brown 240 15 0 670 670 670 685
terrain brown 255 40 15 670 670 685 685
terrain brown 295 15 0 670 670 685 670

terrain brown 330 30 0 590 590 590 620
terrain brown 360 30 75 545 470 620 720
terrain brown 390 90 250 470 470 720 720
terrain brown 480 80 60 470 530 720 590

terrain brown 630 15 30 650 635 680 680
terrain brown 715 15 50 660 620 710 710
terrain brown 800 15 30 655 670 700 700
terrain brown 885 15 40 615 655 695 695

terrain brown 980 70 0 520 520 520 580
terrain brown 1050 100 60 520 490 580 720


terrain brown 1060 30 15 445 445 460 460

terrain brown 975 30 15 360 360 375 375
terrain brown 1005 15 0 360 360 375 360

terrain brown 860 15 0 280 280 280 295
terrain brown 875 30 15 280 280 295 295

terrain brown 180 160 60 190 300 440 360
terrain brown 340 120 60 300 300 360 360
terrain brown 460 40 60 300 280 360 380
terrain brown 500 220 100 280 280 380 380
terrain brown 720 70 30 280 310 380 340
