2700 1400
color brown 120 90 20
terrain brown 0 240 310 0 0 340 310
terrain brown 240 270 130 0 0 310 130
terrain brown 510 500 80 0 0 130 80
terrain brown 1010 600 80 0 0 80 160
terrain brown 1610 300 160 0 0 160 160
terrain brown 1910 330 160 0 0 160 320
terrain brown 2240 120 320 0 0 320 320
terrain brown 2360 90 320 0 0 320 380
terrain brown 2450 180 380 0 0 380 420
terrain brown 2630 30 420 0 0 420 450
terrain brown 2660 40 450 0 0 450 450
terrain brown 0 100 810 550 590 1400 1400
terrain brown 100 200 150 590 1250 1400 1400
terrain brown 300 500 30 1250 1370 1400 1400
terrain brown 800 400 30 1370 1210 1400 1400
terrain brown 1200 60 190 1210 1030 1400 1400
terrain brown 1260 380 370 1030 670 1400 1400
terrain brown 1640 260 730 670 590 1400 1400
terrain brown 1900 120 810 590 590 1400 1400
terrain brown 2020 280 650 590 750 1400 1400
terrain brown 2300 160 650 750 750 1400 1400
terrain brown 2460 120 650 750 680 1400 1400
terrain brown 2580 120 720 680 680 1400 1400
terrain brown 320 100 50 600 580 650 680
terrain brown 420 120 30 580 600 680 630
terrain brown 1380 80 0 320 300 320 350
terrain brown 1460 80 0 300 330 350 330
terrain brown 880 80 20 670 680 710 700
terrain brown 1230 80 30 740 740 770 800
terrain brown 820 140 0 410 330 410 450
actor stand 1960 570 200 50
actor stand 1270 700 200 30
actor stand 430 520 200 10
actor fly 2100 500 150 80
actor fly 1620 200 150 80
actor fly 1200 560 150 100
actor fly 220 400 150 80
actor wall 545 615
color red 127 0 0
hazard rect red 100 1060 1160 340
start 2650 670
#start 430 500
goal level3 0 310 10 280
color dark_brown 70 46 6
background dark_brown
